011111. 1111111111. (111-1111111111. 111111. 1111111111111111111. 207

111 811111 111 11111111 11 'allen 111111111 Β11111111111111 11111111
11111111111111111, 1111 111111111·11111 111 111 1111111 111111 1111-
1111111111 1111111111111111111111111 1111 wie 1111111111 111· ¹
1111111111111 111 1111111111-1111111111111111111 111 111. 111111
1111Μ11111111 1111111111 111111 111 111111111111111 1111 1111111

, 11111 111111111111111111111111111111 111 111 11111 81111111-
11111111111111 1111111,·111111 man 11111 1111111111 1111111111
111111111111111111111111111111 α Das 1111 1111 1111111111
111111111111111111, 1111111111 111 1111111 111 811111 1111111111
111111, 111 Κ1111111111 11111111 111111 111111 81111111 111. 1111
1111111111111, 11111111111111111 1111111 11111 1111111111 111

’ 11111111111111.11111111111111111811111111111111111111111111111111111
111111111111111111111111111111,11111111, dass die 1111811111

, 111 1111111 1111111111 1111111111 noch immor 1111 Η11111111111
der Β11111111111111 bedente. 01 111111 11111111 111 1111 111, 111111
111 1111111111111, 111111111111111111111111 111 uns 1111 11-
111111, dass 11111 111 1111Η1111111111111111 vom 5. April 1788
1111111111, dass 111 1111111111111111111111111111111 111120.
Januar und 7. April 1181 111111 1111111111 111 6111111111·
11111111111111 111 1111111111 1111111 1111111111111 ΙΙ. nicht zur
1111111111111111111,111111 11111 11111111 1111 11111, dass 11111
111111111111111111 1111111 11111111 111111 1111111. 111 11111
11111111 vom (1111111111111111 1111 11111 11111Β1111111111 1111
1111111111 1111 75110 111111111111111111,111 11111111] 1118111111
111 1111111111 11111 0111111111 111 111111111111 11111111111111
1111111111,111 1111111 1111111 apator 111 1111 111111111111111
111111111111111111111, 1111111111 §- 11. dieses (111111111111111 111
11111111111111 11111111 werden.

111 111111111111111111 1111111, dass 11111111111111 111
11111111181111111111111 11111111 waren, 111 111 111111111111111
1111111111111 111111 1111111111 11111111111111111111.

(1.11111111111111111, 11111111111111111 111111 neuen 1111111
111111 11181111 und Κ111111 11111 1111111111, 11111 11111 111
1111111111 111 111111111111111111111111 1111111111 111 11111111111111
11111111111111111 111 1111111111111111, 1111111111 11 1111111111
11111,111111111111111 haben und noch 1111111. 111 11111 durch
111 (11111111111111 111111111111111111111 1111111111111 11111111-
1111111111 111 jone 11111111 111 1111111111, 111111 11111111] 111-
mogon auf 111111 111 1111111111 w, 111111 11111111. 111111111 11-
111111111111111, 11111- ,111 111 in 111 1111111 1111 1111111
811111111111 111 1111111111111111111111111 111 1111111111111111

LA

 

