Kritit 91999 Urit 199 11999. 0999911919-119191911 20. Μαί 1873. 21

1999191 111111 191 »1919199 11919 de 9991911 9911199919 991911...
99111119 9919 19 11911 19 1911111911 11911919 191, 1199911111 9191
9119111191 191Κὶ1919 1119119199191 111 919991199911919191 81119
199 119119911191119 Η911 191 1191191 9991911119119199191; 1999
1111111 199 111111 gar 19199 1119991119 991 191 im 111. 2. 9911919-
191 1111191119 aller Kirchengfrtor, 1919191111 919 9191 99191,
119119. 1119991 1111999111 199 111. 2. 191891191 199 0999911919-
19199 1111 9191, 119 9191 1911119119 Richter 1199911919 191191191,
11919191911919111999991 gar 11911 199911919, 1119111911 111 11-
91991199άὶ9 1119199199191 durch 111 20. 199111119191111111. Hier
191991 99 1111111911 891111991119199 11919911919 11 1119911 911111
119 111119991919 1911111911111 111119 9 1191191191 unique 111199·
11911 publique ou 19 99119391911199 11919199 . .. 999 1191119991919
conservemur 199 vbiens 1911 119 191199911, 11911 111 991191 »tous
1991191991 199111211911191 191 im Art. 20. 9111111191 11-
9111191111911199911919) 919111911191 9119919119 werden, 99 19-
191191191119111911 »19191 11 Art. 2. nicht 9119 (11191 1191119191
1191111191 11 91999111999119191181119 111 99199919191191 9191 111
111. ll. 31919119119911911919119991111. 2. 9111911919911 111
99 191191911911991939111911911191, wie 1910999911919111 119111,
1999 Art. 2. 119 1119191Ι 1. 9. w. 9191139111111 1991911199 9111111
11111 111. 11. 919 199 191 Β1911111911. 9. 11.; im (19991119119191
99 9911 1991911191, dass, wie 19119991199191 11 111. 20. 199 1111-
119191 111111 11 (1119191 1119119191 (1119119119- 111 1119119191-Δ
9191191 9119 119191119 191 111. 2. 111911, 9111 (1119191 191Ρ191-
19191 1. 91. oberrans 111919111191 11191 19111911189191 Eigen-
thumsgegensttnde im Art. ·11. 9199 11919119 911119191 11991. Die
1191119119 »1919199 11919111 19 quelque 991199 11119 soient« 11

111. 2. 19191191 11919 1199911191911191 19911991 11191 Sinn. ‚

Denn 9119111191 191 911191919191 11119191, 8111191 111 99191991
1119119191 1119191191, 11991191 919 Κ1191913911119, 1191191191, 111911-
11199, 1119111191991191, Weinberge, Wiesen‚ 1191111191, (1991-
· 191191, 1191191, 99119911919111919 (1911999111 (19111191, Η919- 111
Wirthscbaftsgertthe, Weine, 1111911919. w. 9911, sorio 9119 9911
91991119191Β91919191- 1111911131191 191Β191111191, Ρ19119191,
0911911919991191 111 seminare, 11991191 919 919 1119111191 191
991991191919191 111, 919 1191191 9191 capitulien 9191 11191191,
1119119119. w. 1991911911, 111191 11 (1119191 1991199199 einge-
19391. 1191111. 2. 1111119 19191 1111911991 mit 1911 19119191
1199119 von »191919911919 19 91919199119991119 991911199199191,
9199191 1199111111 991191 11111. 20. 9119119191119 991111. 2.

 

