452 1111166166 1161661111111166 ,Αἱι16116111661“ 1611εῇ611.

1111 161 111161161111611611611611111161161616161 desselben g÷
sorgt 161111 116 611 Bostreituug 16111161116161 [1611111666 61161-
161116161 11111611· einige Jahre 1161161166616111.

Zu 161 1161611616,166161111616166(1616111616166661 im 8111
116666 (16661166 161161 1116 16111111116111611611161 1111116161 Ge
66116611361661161, 16161611 1611 1116161161, 16161111616166 de:
(1611161116 111611616111611116111111 16161 111 im Β66116611
1116116161 111611611166111.

111. 4. 11661 16161661161611161161111161161 661616111111-
1161 6616111111161 (161611611611161161 116 1611111116616166116111
161161111161616116111116116166, 'wie solgt, geordnet:

111161 (161611661611 1111 116 111116111111 1611111616 111
(161 1116111616111611116611161 6113611611. ·

116161 116111 111 116166 16111611111111 161 1111161311
111161111111 11111116 Regierung 116 11111161 Bestimmungen. 16
61116111 611611 Κ111161161161161113616166 6116116161116 1161161
Κ116161, 16161161 1. 6. 1., 66 kann 611616116161611611111116116
61111161011661611111 1111161111 auf 166 11116116111111166 1661161
116116 1116161161 1611161. ,

2) 1161 61161 1116111111 161Ρ111161111 111 6161116661161·
116661,1611116(161161166111111 1166611 1611111116 die Mehrheit
in 1611 1161611616 111161. 8111 11611616 Ρ1111161(161611161Β6
16116161, 1111116161, Ρ11161161, Ρ11116611111111161, 1166111116 1116
11161111611161) 1116111161611616 beziohungsweise 161 (16116111
161161161 111161 6116 6161 1161111616 61161131, 66 kann 6116 Ge·
116611161111116611 bestimmten 11111161 mit 1116161611111 1166161-
16116111111166 161161 1161161613616111161 161161. 1

3) Η1161611116111661111161 11116161 Κ1161611611111616 1611
16116116111616161116161 1611111116661 6116 1161111116611611661 ,

6116611161, 6161161 1161116161161 116111611 1161 16116 (16116611- ,
361166661 161161. 1

111616161611 Fullo steht 1161 116 1611611111 166 1611161616
1616 116661116661111 361166161661113161 116116 11.

Art. 5. 161616161166 1166616111 mit dem ’1616661161 161-
1111111 11 111111661611611.

Art. 6. Das Ministorium 166 111611161 mit 1611 16116161

16116116 1661111111.
(1616161 11 Κ11161116, 16115. Juni 1874.

Jolty. 1118611ξ1ἳθ111ἶ111161 Η61611 1161616111616111
&einbach

 

