3⁰0 1110 1011011010 1110001101 11 prmum

*fernum 010 11101 11110101 101111111ὴο 10111101 1101 011
² 110 1111111111111101 110 1101101111.οΜ 121111 1822
(100110111101101101 10101 11011010 1011011011) 011111
, 10101 1011111101 1111101111111101001010111 1111 wo·
’101 0190111011 mmm vom 1010101101 emm
ι Δ10101ιιοιιιο1ιιο10οιι1010101011ιὶ31· 011 1110 miiitum
110101101111111000 0101 1010101101 10110101 1111 von dimon
111 1011 (1010110111Μο 11101111111111011111 1111101
10110 0101 11011 1011101 0111101 oder 1100011011 101 Minur-
1111110101 1001111, oo ιι1ι1 10101111111101 111 101 111-
1101011 1010011110101111010101101101111 100 11110300 (lumbar
0111101010
11011101 11οι1100 10111ιο1 011 11100110011111 oder m·
fredwillt‘yer 11101011111011 11110 111 010110 110 Sumen
10101013011110101 Ammon 111 1100011οι01οΜ emotum
101 1011110101 11111111110111101,1(100011 101112. April 1822)
0110 1111111113 1οι 111111101100011101 111101 111 111 dur 101101-
0111 111 0111 1011000111 1011 01111, 1011 00 0101 111 01111-
ἰ101100 01οι nm 011, 111 11011111100101 11010110111111000 10111-
10100 110011111110130101 1011011. Damus 0110111, 11 *elehem
(11110 110 1101101011 1011010110101 [10111101 3011111 101. 1101
110 0101110110 1110111113 1οι Minister 101 1010111101 113010101-
101101 111 10011010010110110101 111111 (10810101101 11111-
11111 010110111101 100 01110101 1111101,110010110110110111111
sfihrung 101 1011100111 0101 110 10111 011101 0101101001010101·

, 1101011111 1101101111010 1101010111111111 111010 11011010 An

10101011011011011100111110. ·.

110 013111 101 morans 1011011000 010 101 1111011111 zu 101
dem 10110111111011111110101 1110000 vom 17. 111 1862 beige-
111101010011011101, 101010 100031,

1100110 110110111110111101, 1101111101ιο, 1101111111010110101

111 1110101, 110 1110110111110111101 010 11 011011 10110101

111οιοι1ιιιι1301οι111111000 010101, 1010111101οἱιο ιιι 101 111-

11111010110101011 111 zu 1011110111900010101 1110001 Be·

11101 oder 1011011111010111101,

0118011100 111 110 (1111101011 1οι 0110110101 Disciplinnrbohordon
11011111111101011110, 001101 1011 00 sich um 1011011111110010
110101101101011011011, 11011 zu 110101 101

11000 110 Bestimmung 100 §- 29. 1οι 111111111101011111113 11 ·

Bezug 011110 011110100101 111111111011101 1111011101 ware, 1111
11011 1011111101 worden.

 

