Das 0111111.- 1111. 111111 1111111161111111111111111111111. 123

11 61111161111111,·1111 111111111111111 111 111 8111111161

1111161611 sein 11116. ’

111 116161 8111116111 1111 1116161111 1111. 22. 111611111111
11111. 54. 111 111111111111611111111, 111111 1111111 1111116 Mi·
1111111611116116116111111 2811111811 1616111111, 111161 111
1111111611111111 11 1611111111 111 allo 1161 161 16111111161
11116111 1161111111 1111111111 8111111 111 Μὶ1111111111611161
161111111111111111111 1111111111 11116 1111611161 haben.

Es 1111 11611161111111611 161 111111111161611111111 1161
111 161 11111111161 1611111111 16111111 111 111 dem absolut
1111111161 (1111111161 166 811111161161111111611, dass 161 11111616
1161611611 11111111161618616116, 111 111 mit 161111 1111111161
111111161161 11 1111611111 16116111 1111 161161161111111111
111 8661111111 161 111161 1611111161 01111 111161161616116111116,
111161611161 111616.

¹ 1111111111161111111611111 ad III. 1111 1111111111, dass
1161111616 1111161111 11116 111111611111161 ihre 1111111611-
1111611111111 1161111116 161 1116161111111161 habe, und dass die
16111116 111 1611111111 11111111 116161 Ambos 11611 111 einander
11 1111111 16111. ¹

1111116111111111111111111111 vom 2. April 1173111116 161
1111111111 111, dass 116 16111111 161 81111111111161111 16161
11111161611111611111 1111111611 161. 11611111 111 1111611111
161 6116 1161111161111116 vom Tage 11116111111111111111611
Ι. 1111111111 1116111111 1111111111 1618111111 vom 111161111-
161 1872 1111116111161 1111, 11 11111 111 Berufung 1111611611 111
ll. Januar und 11111, 111 1111116161 1111 111 2111111111813 11-
16161161111161 1111111.

11161 81116 161111 1611111116111161111111111 111 den 1111,
dass 111 81111111111611111 1111111111 1611111611111111161 11161
011116161111111611111111 111116, 116 111111161111116181611 111
161 Κ111116161 1111111111111, weil 111 Frage ob und 11611. 116
1111111111, 1611 61 111 1111611111161 161111116111116111111- ’
1611111116, 11111111111111111 1111611111 1116116, vom 1111111161
111611111111161111 gar 11111 1111616161 161.

’1611111111111116 61111111 111111· 1111 1161 1161111111
161811111111111611111111611111 111 1116111161.

a. [1811161111 11111161 11111116111111111 11 161 st. Pan·
taloonskirche 16111111 6116161 1161116111111611 161 1111111111-
11611111111 11161 Hervorhebung 161 111111111111 1111161111, dass
61161 111161 1111111111 116116 1611111116 1111111111 61111161 1116,

 

