. 666. 66666666 n. sense. 6. 666. enee 6. Vere. 6.. 666. 6. deren. ,149

6616161661661611 616116 661166 66111666, 616 1666 116 1166166666- “

6661666 166 (16661666 vom 11. Mei 1873 166 666116 8616161166

. 11756616 welche vor 111661 166 1661111616 (1611161666 .

1661166666616 66611616611161 6616161( 61611 66116116, dieser Theil
des 1. 17. 61616616 616666 16616666666666616666 661661616161666666- '

16616, 66 166666 Μ611616666 16 dem 06661616661661611166Η66666 ’

166116666166166 666661 66616, zum 66616666666666666666 166
(1666166166 661 11616666666666166666666 6666666116666 661 6666-

. 66666666 werden.

Wir wermdgen 6116611666 61611 6166666166, 66616611611664

1661666166 6611. Im (1666611611 11661 6661 166, 666 666166 Mo· ,

tinen 16166 (116 1616161666 166 1. 17. 16 66166616161666 1666666 16-
16661 161, 666 666 Β61611116666 6666661 1661611.

11666 6666166666 dem (166616 1166661616, 61661161, 1666666
6166 166 1666616111 166 1. 1. 666116616616616 1161661666666 61666
66161116166166166 61661166161, 6116611666 66166 1616611. 1. 661
22. 661666 6661666166 16616661 16161, 661666 1661 616166 Nie-
66661 1661661166, 1666 66 166 g. 17-.’ 1616661 61666 66616611611611-
⁸‹weren Auedewrh 661111, (1666 1166 116 dem 1. 1. 666116616616616
1161661666666 und 116 1166 666 1111661, 166 166166161161666 Ein-
666661616161 6161116166161161661666666, 1116661161’6666166616666161166
661 6616666116166 werden 6611616661 166161161 661 (166116116-
6166116611. 1.(661 22. noch 66116166 1616616161, 1666 666116 μ
dem §. 1. 666116616616616, 616116661 116666111661 (1661661616-
1161666 1116666661616161 6616166616 1661611666 61661166 161. 16166
61166 1661666666666166661166 166 (1666166166616616116, 166 (11616666
66166 1661166666 166 1166166666 666 Α6661ι66 1666, 1616166616
16 116666 1161666666 66166 611616166 Β666161666.

Η16666 (6161166 wir noch 616 66116666 Μ666661 1616166.

16666116 666111 6161 666 61666 166616161666 166 1. 2. 66111. 17.

Ν661 fi. 2. 1666, 616 66166 6166 6666166161 66616, bei 116-
fahe· 166 17666666, 6166 816116661661666 616611111616161666 61661661-
166661 6661616111161 166 1166666616 166 seaatsregierung 6666661661
werden. Eine solede, 6166 Β66666666 6616166616 1161661666666 161
6166 6661661666 61661661166 611116. 116161 666 hiernach 166 (166616
· 661161 delle 616 66161161 6661, 1616666 116161661666666 6166 wor-
herige Ben'ennung 61661661166 611116 161, 66 61616 66 mit 6161661161
16 Widersprneh gehdmmen 6616, 6666 1. 17. 6116666616 116 Ueber-
1666666 6166 666666666666666 Β66666666 616 66611116 661 166
[1616166666 166 1666666666 wer der 116166166666 61661661166116-

6661611 16116.

 

