1181 11181181.-781[.888811 1111818881 818818111811181888181111. 881

1118Εηί811818 181 1811188181 1181 im 18118 1868 81811,
188 1188111188 181 111 daher 118181 11181 1111 1111181811 11181181 881
1811111181 1862 1111 1817, 1188111881 181 11111118 zum 11111111·
8888118818188·26.18811872 111 1881181118, ,11811 81 8181
8811811888 18111811, 811811811811181818111181111 818181 81888
8188181888188181 1811 1111181881188181188111181181 8888818181
1181181 111118.

[11888 1111188 188 8188888118 111 das 18118818118181
8181111181 18188 (11118 1181 ganz 8111881 88118811 18 118881,11811
118 1181818188, 1181818181 1111811813 dor Disoiplimmntemuohung
18 (1181811881881111818111818111118 881111 11 eine· 1811 1811811,
18 11818181 111 88188118 8188881181 11881 gor 111811 818181 118-
1118111, 1181 1181118111 in 111811 [18118188 1181.

11188 1818811888 iot (181118 11181111, 11811 118 111888 111111
111111188811111811811872 818 1888111818 1111111181 8188 11111-
11118881181111818111, 1888 11181118Ι 811 88181188 Κ11811111118111
81816181 181 1181811111 111 7888188888 8181188181 8888181
881, grado 11811888 8181, 81 181 1811811811 1811118181 'm 1188
8118811118 881188 7888189188 188888181818,11811118-
8881118181Κ8181181111 1811181 1811881188111181811181 111181 77888
1811111 18 1811181811 (188 (1888188181 8118811118,811181
1181111181, 1181818118 1818881118 11111118881111181 18111872 von ·
1111111118111881111, 8181 188 8181811118118181111 1111181188,
88 111118 11188 111 don 1811818188 Fal! gloiehwohl 1118181881 8118,
1811188818811888188111 1181181818 111811 81811 1811118188
nro.

11811118181811111 hat 81181 881 der 7818111818 1181 118
11188111118811811181188 11 181 ,111188 vom 21..,11111 1867 (Mill-vem.
1867) 1111111 1811818111 188 1818818188 18818181881111881
1811118111, 8181188181 1118811881 gam mit 1188811 11881 Δ118181
8881 1818. 86. 118881 7818118818 1811811811, 1181 18 118 7811111·
1111811, in 11818181 die 1111111188181111 nicht 1881111811811111818111,
nondam 181 7888118811811181 88181818111181 181811, die 1811118188
dio 18811118818111111181 den 7811111118 181,1181)18811111-
gehen 181 Βο88181111181181188 8888118,111818881118181188181 (18-
181181 188 11. 1811 1852 8118181181 18181, 88 181 1881 1881111881
8181111118881,1118181 Κ11818811118111 111 788888888888818
188 8116111111 181 8181181181881818188211181 1868 181818·

1118 1811818818 1811888188 sei.
1181 118181111818,11118 18 181 1188188181 11881 881 181

811811 1111181 81111188 , 1811818 18881181 1188118181 1111818 18

 

