811

. 1110 1011111001010110000010110 1101100011.Ι “

1872 00110101 0011010110 1011111010, 000 10001 101 110 ¹

11110110ος 100101101100110111101100111000101 10 101 Pantaleon-
1110101011010010110,001001001011 10 01010001 1010110 01-

01110100 801101101010 88. 1011011101. 11100 11100101 0000001 ’

110110100010181010110 111101 010 0010111011οη 0101111101 zu
110001 1101010001 0010100100 (1111010 0101. 1101001 010110 1011
10101 8000110111οε 800081030010101010 1001 2. 11111 1872
001011 1101101100 101 8000000100 101801001001100 1011101-
botos 0010010101 1010100100 10110 101· 110 ’ 80111010 1010
0000108001008101110 101101101οη1 0111 811001111οη desselben
111 11101110101800101001 gebeton 81011011 1000110101 101001-

· 0010 80110111 10101. 11111 1872 11111110111111110111111011101

1010100, 1111001011 0011011111011010001 zum 10011001 1100110,

, 001101 1011000001 1010010 111 nmium 10

80110101111011001010111011001101110100 0000111100 00110. 10

11011010, 80110110 1011011 111010 110111 1001 28. 11011001 01. 11010

101000111011101101001, 1000 101 1011101ωο 10 0010100
010111011101001110000 1110 10100100 110110. 1110 11000000 001

· 101 101011001001801101110 gehon 111011110 10100010101001000
- ’ 0001011101011 01000810010110011 010101001800110110. 10
‚1' 0010001 1101011010 1010 11. 11111 01. 0010011010 mir 10111011

¹ Ktiegmhismaeserinaer &wmaffidmicmim

10010100801001011010 1111011010 0110100101οη8οΜΜο
01101 0017101100 001110,Μο00 10120011οΜ011001700
Verbum 01001011 100110. 1110001 8011001100 1110 101 000011011-
1101 000100100000, 1000101 0011011000,,010 101811101000-
01100111100001000 1000001101 0101000 01011 mmmmm
mmmmm 10 110181. Ρο01010011011101001·

· , 101,01000111100οι01011000101110ομ00010 .

, am. 11101 010 1010010101 vom Ι1111011101οι 8101110 101 80·

001011 00 111101 golam, 1001 1101011101 0000110101 001
1101100111 00 01101100 001, 10101011 mich 01111010101010001-

· 1011100 1100010 1101001, 101001 10100110111001 811110000101·

101000 101 801001011000100 Ρο110100 1111110110ος 01110110 1

und 1100111011 100 1011101 101 11001101001018110110 011 11-

“ 11111000 100 1011011001οη (10110011000100 0111011080, 010 0001

1101010181 01011. 1101 1001 110110 11110ςο011οἰ0101 0011111101
100 1001011 100. 0101810100 8111001100, 111101000111011010. 11οι-
00101101010001011 1110281101 010100 8001001100 'momen
’11010 101 mr 01110101 eine Auffordmny 0111 8011011101ὴο des
’1701101εο 0111011010 1001111101· 111 11001 1100011111 1100110110 1111000-

 

