Τ1013011. 1001111011001000101010000.0101011100 Vaticanum. 417

genennt, 10010110 100 011110010011000111101101100,1100010303οο
bis 10110 11103010 1011 0011011 10300 ihrer Schulen als 1030011101
8001001301101101 101011101 010111011101 100 11000 1010031101, 111
(1011031οΒ01101110101100 001 11011010 110011011οο 10 3110100.
,1001 101 0010011100ὴο 1110110 100 Βο11111101 0100 1101010111010
01010011 1010110 1010011011 100 Postumum 01110111. 1110111010·
001100 101100 110100011οο 100 10010011100100 1101011101οο 0110 111-
1110110 0130001011100. 810101 010 111101 101 1101111010010111 1100
110100010111101101001011011 11001 10111010 100 1011010100
1101110 01 01000 10111101 101 01111300 110101 101 ,10001100 zum 11001-
101301.

1110 1010111011010111011011 101 1101οο1100 01011 10 1101310101
0111 1010 0010111001οο 1110100 001 01001010111300 81110 101 11111003.
Das 0103 010 10 1001111010100 11101000 0030100, wo 100 11011
000111001010010100 811100 10100101011 1001000 0101101, 1000 010
Ρ1100101110 Ηο0100111, 10101100 01101001001110110 0110101 hat,
0001 000101 0001 maht: 110110 einer 3100000 1100101001011, wie
Βο1111, 1110111100 31000010 1003110110. 11031101 10100 101010101-
methin -·- 0001011 101000 0101100100 - 1000 110 00100111001101 No·
101010110001110110101 10011 10 3011110100 111001000100, 110 00100
0011101100 01110111100100 111οο1010 1103010300 1111100. 1)οι 10010
1111101, 1100010 101010100100100101100, 101 010011011130 1001111103
100 0101010100101 1110100, 001 301010 110111111011011101000110110
(1101110110 100101300300. 11010010110001 1101100101 100 10010
1111101οο1000 1111001100 11100 001 101 001001100100110101110100.
10111010 001011 010, 1000 010 0110 1100011100 1010 1101001 001101 101-
1110301100 protestantium 01011 3011001100 0101.

111011103011011100 11011, 1000 110 1011011001οη 0110010100
01011 1101101101101010111001 0110011100110100 30300 1010101010
1110100110 0110300 001101. 1110 0101101001, 010 01011110 0111111100,
0101 1100011011 00 011 811101 11011, 100 01 301110 01310111, 00111001·
10011, 00 1000100 00 0101 1000 1010110010 11110101, 1010111301 110-
110000 mit 11100 1111011. 111000 0101 30110000100000 100101010111011,
100 010 vor 1010 1010010101οο 10100 1103011001111011000100101-
101. 1101111101 11000110101 11101010101113001001101100 001 Biton
010 010101001εο 110011111010 3030011101, 101010 durch 00100010
30101130 8010101111 100 01100101100110 wesen 0111 100101Ιο1100 0101
110013110010110100. 101101 1011000101 ’1000010 101010100101110010-
0110 10101 1110 800111, 1010 (101010 001 100 1101100 101 111101101-
3000110011010310011001110 011001011001100 111100 1100111001 1001100100

11 10101011100010110101 100001100 10 1011110300, 100 1110110000
Archiv 111 1101000011 mu 27

 

