294 Die 1111111111 11111111111111 11111111.

1111111113 111 ’111111119111 111 1111111111 11111111111111111111
Μ 111 1111111111111 111111111111111 1111111111 1111111111
111 111111 111111111111-1111111111, 11111111 111111111111111 111
1111111111 22. 11111868111111, 111 11113111 1111111111111111
111111 1111111111. 1111111111 11111111 111 1111 1111111111 11111-
31111111 11111111, 1111111111, 11111 1111111111111111811111111
1111111111113111111111111 1111111 auch 11111111111111 1111 1868

1118111111 1111111111, 111111118111111111 1111111 11111111 1111111111
11111111111111111111111111111111Β11111111111111111 - Don Be-
1111 1111111111, 1111 111 11111111111111111111 111111111111111
Herm 1111111111111 11111 3111111111 1111111111 1111111 11111, 111
111 11113111111111111111 3111111111. 11 1111111111 111, 11111111
1111111 1111111111, 111 provisoriam 1111111111 111111111111111111 111
11111111111111 1111111111 1111 1111111111 1111111111 11111111111111-
11111111 111111 1111111 1111111111, 111 1111111111 1116111.·011111111
1111111111852111 111 111111111111111111111 vom 4. 1111111. 1.
111 provisoriam 1111111111111111 111111111111111111111111 111311111-
111111111111111111 9111111111 1111111. 1111111111 [1111 auch 1111 111 pro·
111111111111 81111111 111 1111111 Ρ11111111. 811 11111 1111111 1111111111
1111 mit Genehmigung 111 8111111 1111111111 1111111111111111111,
11111111 111111111111111111111111111111161111111111 - 1111111111 1111
1111111111 »1111111111 1111111111111111. v

1111· 111111 1111111 111 1111111111, 1111111111 1111 mmuh bo·
11111111, erse 111111111111111111111111, 111 1111111 1111111 1111 1111
111111, 1111 111 1111111111 1113111111 1111111 1111111111111111111,Ι 11111,
111111111111 1111111111 vorher in der 111111111111111111111 noch
111111 1111111111 11111.

1111111111 111111 81111113 111 Herm Ν11111111111111 1111111111-
111111111111111 111 1111111311 1111111111 111Ρ11111111. 111111
1111111 1111111111111111, 111111111111111111 ordinaria 1111 (11111111-
11111111, 111 1111111118111111111111, 1111111111, 111 1111111 1111111-
111111111 111 11111111111111111111111 Weiso errichteten 11111111-
1111111 111 11111111111111111111111 mit 1111111111 1111111111111111-
11111111111111111111111111111 1111 vom 811111 1111111111 1111.

1111111 Bourtheilung 1111111111111111181111111, 1111111 ge·
11111111 81111111111111111811111 111 zur 1111111 konnen 11111
111111111111111111111111111111, 1111111111 1111111 11111 vom 111111
1111111111111111111811111113 111111, 1111 1111 11111 1111111111
111111111111111111 sein, 1111111111111 Breve vom 22. 11111 1868
111 111 11111111 111 Vereinbarung 11111111 1111111111111111.

11111111111111111111111311111111, 1111111111 1111 8111-

 

