1111 1)1“11111.·1’11[.9191111111111111 11111111Ν111111111111111. 345

11111 111 (1111111111 111 11111111, 11 1111111111 1111111111 111 1111
111111111111111111111111111 11111111. Der Angesohuldigte 1111111μ 11111
1111111111 11111 (11111111 11111111 111111 11111111111111111 1111
1111111111 1111111111111111111111111111111, 111111 11 11111
1111111111 1111111111111111 111111 1111111111Αω11111111111111111111
1111111111, 1111111111 Bonutzung 111 111111 111 1111111111
111 111111111111111111111111111111111111111111111. 11111111 11111111
ein 11111111111111111111 1111111, 11111111 111111111 1111111111111111
11111111 nur darauf, dass 11111111 1111 11111111111111 1111111111
11111οεί1111 111 1111111111111 1111111111 11111 111 111111111111111-
11111111, 1111111111 einer Ρ111111111111111111 11111 111. [111 An-
geschuldigte 1111111 111 1111111 111111 111 1111111 111 (1111111111
1111111111 11111111111111 11113111111111 111 111 111 1111111111111111
11·1111111,111111111111 Β11111111 11111111, sich 111 Besolgung 111
ihm von der vorgosetzten Β1111111111111111 111111111111 111 11111
(1111111111111111111, weil er 1111111111 111111 11111111111111111-
111111. ·
111131111111111111111 11111, 1111111111 1111111111 11 11-
granden, darlegen 1111111111, 1111 111 (1111111111 111 1111111111111
Religion 111 11111111 1111111111 111 (1111111111111111 111 3111111111
1111111 11111111. 111111 Darlegung war um so mehr 1111111111,
111 11111111111111111111111 111111111111111131111111 111 und 1111-
1111111 111 1111 111111111111111 Μ111111ςο1111111111 11111111 111, ohne
dass 1111111111111 111111111111111111111 111111 1111191111111-
11111 111 111111111111 1111111111111111111 11 1111111111Κ11111 111
Β1111111111811111111111111111111011111 1111111111 worden ist. ,
111181111111111, 111111 11111111 11113111111111111 einge-
1111111111, 1111111111111111 nun 1111111111 11111111111111, dass
die 1111111 Β111111113111111 1111111111111111111 01111 1111111111 111-
1111111 1111111111111 111111 1111 111111111111111 111111111
111111131111111 1111111111 1111111 Ρ11111111 111 111111111111111111-
111111111111111111111111 habe, ohne 111111111Β1111ρ11111 111111
11111111111111111111 1111. (1111111111 111111111111111111111111111,
111111111111111111111111 1111111111 14. 111 19. 1111111 1872111
1111 111111111111111111111111111111 11 11111 111 1111111111111111111
Datum an 111 Κ111111111111111311111111111, 11 1111111111 1111 11-
11111111111111111111111Μ111111111111111111111, 11 11111 11111111- ι
1111 111 111111111111111111, 1111111111 111 Darbringung 111 11111-
111111 8111111 111111111111111111111111 Ρ11111111 1111111111 1111111111
1111111111111111111 11111 111111111111111 111 111 1111111111111
(1111111111113111111111111111111 1111111, 111 11 11111 1111111 111 dom

 

