308 11211211 2221221221112.1112212222211112122222 6. Man 187⁴.

1212122122212222 (122222 zu 22122222 221, 21211 eber, 2222 212
222222 222 2222212212 12222 121 222122121121222222122122
1122121122 11112122 1121121121222 22122222 werden 22222.

Der (1222112121122 1. 1221212122 2) 2222, 2221 22222 222
222 fl. 2. Abs. 2. 2221122. 2222 12. 11211873 212212 222 1221211212
212 222212112122 Β221122222222 12 22122211 21212, welche 222 2212
descen 222112212212122 Β212222 2122212112122 1221212222 12 (121-
1222 2222222 22122, 212 222222222122812212 21211221222121 221221·

- 122 werden kenne. Diese Bestimmuugen 112221 222 (1222112121 im
. 11. 111. Th. 11. 222 2112. 1222222112.

Der §. 125. 212222 111212, 1222211 22, 1222121212 212 222 111-
22121 22222212 221222222222122 (1212112122 2221211212 2221121112
2212212111212112222122222 2211212122, 222 221222 222 20 1112.
21211 112212122222 (1212122222 222 (12222212212122 222 2121212212
212 2122 1122122. .

Dic 2222212222 2122 212 2221121112 21211 2222122222
11212212 2122122 2222222122. 2122222212 22212 1222212222,
22222 2121 1211211212 (1212111212 12 ihrer 1212212222 22121212
macheu, 22212222 Ercenncnisee 2222211212 1122121212 1221221
werden. 122212121222222211 2221. 108. desselben 111212, 22-

¹ nach 22212 1222212222 22222 212 212212222222222 222212 22212

2222222121212222 2212122122 121221121122 212 2212212222 eine
(12121112122122222222 22221212 men 2222 221122 212 1222222222
12 Β212211 (122 1212221222222 2221122222 2212222222 Β22112222222
(22. 530. 538. 21222.) 12 Β2112211, 22212122 2212122 21222 222222121-
212122 121121122122 1122222 ven· dem Biechefe 2222 2221 222 Be 1
12222 222 2211112122 Ι121222221222 212 1122212222 2222222121 222·
22212222, 222 22222212121212 eber 112222221 221212 121221212222 ¹
dee 221211121222 1122121122 2222221222 kenne, 22 222212 sich 212112222- f
2212 2221222222112,

2222222 312212121211 122221 221, 21212222112122221222

(1212122122 21122222111222222 222 22121112122112212112221 ¹

221112 zu 22122222.

1122211221 212 1122222212 22 informate 2222212212 episcopi als
122211121 zu orechten. Denn 222 111221222211 222 1112222122
1222222112 221 222222 222 Ρ2111221122222122122 zu 2222211222 212
812112 222 22221222 2122122222112 22122122 222 22 kenne 2212212-
22212112 2221122 12212 222112112212122,2222 212 222 3221122222
222 11121222222112 221222222121222221222121222 222 2222212122
Rechts 22221222 2221222 222222 Κ2211 2222121 werden 22122.

[11222221221212222 1222222222 212221221122 daher, 22111221

 

