74 116166. 166.·1616.1161 176616111616161191616 1111, 1161111874).

6166 611 Β611111161 111 die jetzt projectirten 1111611161161616611116161

111611611161666161161 66 6161 111111111616116 111 116 1116161161 61161 ¹

lang 6116161116186116166616 111 611 116 »61616111611116 gagen 116 811616·
36661666 616 Ρ11611161 161161611611116 11116181661, »1111611 1116161161 116
»611611611361 1161161161 61166 Β16111116 11 111161, 1611116 1161111616116
6111161116 gibt. 1166 116 111611Β1661111616111116 16111611611161111611
»zum 1166111611 166 8166166361166116161116116.ι 116166161 1161 dem 16·
16116 (16663161 161 66 11 111116616161161, 1616 die 616 161 8611616116111136·
1111611 1661166166 61361611616161361116 61111661111616161. 11661 111111,
1616 6161 ja 116 1161161161116 166 116611 1611611, 61161 (1616116161, 166661
1611161161111 11116 111 1166111161161 1111 161 116111161610111111616616111,
11116161 1111161166 166 1111616161 (1616111111 111 111611616116616161161-
161 616 6611611 11116 616111611616 66 kann 61661161 166611611 16161 Per·
6616 16661161 (16161116 111 161 11661 1661131111 16111161611111113 61166 06-
11161116616 11611 16111161. 11616111661611160111161616 61166 01611616111616

6116 6611 16661111116, 1611 16111616616116 111 161 Verantwortung vor dem ¹

' kunstigen 11161616 1111161616, 66 (1611 16161111661161116111 1166111616 166

’ 8166166 1161616 11161161611161 161 11111 161 gaunon 11616116611161361661-

1611 11611 6616161111 1611611661. 111616166116 161 11Β611661161 616161, 1166

jede 116 immor 66611616 1161161116 16111611 61166 0611161116616 1111161116 ,
6611 11111111111161, 616 11661161161161116111111166611666 66 1166361611

die Mitglieder 161 1616611161 1611111161, 16161 6611116 11661116116 grosse
1161111 666161161, 111 in 16116861 1661111161, 1666 6111661161 (1616161-
11611166 161616116161 11661616 1661111611 1111, 111666111111116161 8611616
166 11166166 1111161 11611116 16116111 161161 111161, 1611616116116116Ρ61-
61111611611 616 vicar 166 01111616 1161161611161111116161 vird, 616 616 66 6116

1616116 616 Vicat 166 Β1661616 3616661111 1116116 1111111661 erwogen, (1666 2

111 11611616116116611161 61161111616161 61161161611161611116111111111

St. 1111166111 dem 1161661111 11116116 personae 316161 16111161 worden 6611 J
1116661 1111666 1611611611 161 1111161 1)611661116116.116]66111 611 116161611- ἶ

166 116111161161616611 616111, 61 1111 616111111161161116661161116116616-

regiemng 16116 11166616 161, 1161161161166611161 1166111611 166 8166166 ’
6163616111] 06ρί1616111 61 16661661, 611161611666161611111611666116661· 1
1666 1161111111 1611111161 1116, 16161 111166616116 jedes Βο1ι66111611111 3

61116116161111161. - 11616161 (116 1111161111 161 116111611166611616111

161161, 1666161 11. 81111 611 Interesse 1616111116 111 (111611 1116111161 ἷ
Neigung 1661166, »die Wiederbesetzung 16111661116611116 116 in 6116 augemen- ³
»sene 161161666161161.« Die (16661161161611116161116 161611 1161111161· 1
1113 111 1616166 1611116113 161·116116116616111161111161Ρ1616661116616116161 1
1116116161 (111611111161611666111 11111611631161, 16161 1611166 Interesse und 1

16161 6111116 11161116 161 111616116616 811111611111316, 111 1661 161 8161-
’ 1611661161 dem 16116166161 16116 1161166116116 11616161 61161 61311116161

1)ίὸ6666161111611111 111 611161116161 16116161 111 1611 6116111161 111· 1
16116 8611166616 11 61161 11116666 16116161161161, 6616166161 11111136 5

sehr wohl, 1661 116 161111161111611611 1611111611611161011161116161 3

Kirche 166161.

Dos jetzt rogierenden 11616616 1119111166 1161661111616116111161116161
11161 1111113 61161 6116661161 16111166161 1116611161 161 11666161161 1.

 

