234 1111 1111111111 11111111111111 1η 11111111..

111111Β1111111111 den Befehlen 111111 1111111111111 111111111111
1111111 11111ς 1111 dass 1111111 wie 1111111111111111111111111111
zu 1111111111 1111111111 111, mit dem (111111 111 111111111111 111111-
11111111111 1111111111 111 1111111111111111 11111111111 Servis 111-
1111111111.

11111111111111111111111, »- 111 11 1111111111 11111111- 11-
1111111111111111111 111111 11111111111111111111 11 1111111111
11181111111111. 111 111111, 11111111 111, 1111111 11 dem 1111111-
111111111 1111111 11111 1111111111 jeder 111111111111111, 111 11 im
11111111 111 1111111111, 11111111111111 11111· 11111 111, 11111 seina
Stellung 11111 111111111111111 und Auefibung 111111 11111111111
111111111111111 1111111111 111·11111,111111 dies 11111 1111111111, 111-
1111111111111 1111, 111111 111111111111111111, 1111111111. -

wie 1111111111 111 111111· 111 dem 1111111111 Breve 1111 22.
Mai 1868 1111111111 1111111111 111 (1111111111 111 1111111111
1111111111 1111111111111 111· (111 ,111111111111 111111111111111111-
111111 (11111111111111111111, 1111111 111111111111 111111111111 111
11111111111111111111111111111 111 (111111 111121. Juli 1852 11-
11111111. 111111 dieses 1111111111111 1111111111 1. l. 1111111 111
111111111111111 1111 1111111111 8111111111111 1111111111 Β1111111,
11111111 1111111111111 111 111 1111111111 11111111111111111111111,1
11111 11 1111 ἐξ. 711 ff. 11111111111111111111111111111111. 11111111-
111111111111 111111111111111 1111 1111111111111111 111111111111111
11111111111111181. 11111111 111 1111111111111 111, 11111111 111
11111111111111111. 24. Nr. 1. 111 111. (11111111 11111 1111 1111111-
111111111111 111 1111111111111111 1111111111111111111 111111 1111111.

1111111111111111 hiernach der 11111111111111111 111111 Ρ11-
111 111Μ1111111111111 11111 Forum vor 1111 111111111111111 11111, 11
1111111 111 111Β11111111111 der 0111111111 dieser 1111111111 Β1-
11111 1111 111 Ι11111111111111111 111 111111111111111 1111111111.
1111111111111111 1111111 11111111, 111 111 111111111 111111111111111
111111111111111111 1111111111111111111111111111111 111, 11 objec-
11111 111111111111111111 1111 (111111, 111111 111 da 11111111, 111-11
11111111111111111111111111 gradu 111111 [11111111111111181111111 des
111111111111 1111 8111111 11111111, 1111 11111111 11111111, wo er sich
111111111111111111111 111111111111711111111 11111111111111111111111,
1111. 1111111111111111111111111 11111111 gemacht-hat. Wo 11111
111111111111 ist 111 111 1111111111111 Handlungen lediglioh die
11111111181111111111 111111 11111111, 11111111 111 (1111111111 111
1111111111 11111111111111111111 11111111111111 11111 1111111111
111111111111111111. 111 111111 111· 1111111111 11111111 1111111111

 

