ι 111111 da 11111. 1111. 11111111111111 1111111111 1111111111. -309

Der 1111111111 111 11 1111111 ’11111 1111111111 11111111,
t (1111 11 1111111111111111111 11111111111111111, 11111 11111 11111·
1 11111 111111, 1111111111 1111111111 1111111111 1111111 111, 111
111 (1111111111 111 ihm datin 1111111111. ,111 111111, (1111111111-
1 1111111111111,1118111111111 111 1111111111111. ’1111111111 18112
, S. 6111111111, 1111 1111 111111111111111111111 1111111111 111
5 Κ111111111111111111111111111 einer 1111111 1111111111 111111-
suchung und 1111111111 1111111111111111 1111111111111111 1111ῂ11 ’
ἶ 111111. 111111 11111111111111111 111111111111111 111111 111111111111
worden. Zwar 1111111 111 von 1111 11111111111111111111 1111111-
111111 0111111111 111 111111111111 111111111111111111111111111111111·
111 11111 mit 1111111111111111111111 11111 mmm-ut·
111111, 11111 dem Anklayeversahrowaus 6111111 1111 Numam
111111 1111111111 111111111111 und 11111111111111111 111111. bodium,
als 111111111111 111 1111111 1111111111 zu 1111111111, 1111 1118111111
111 0111111111 11 Ρ11111111, 111111 111111111111111 111111111111
(111111111111111111111111111 11111111 1111111111111, 111 111111 in
11111 1111111111 1111111111 11111111 1111111111 1111111111111111,
111111111111111111111111111111111,ἴ 1111 011111 ,der 1111111111·
11111111111111111111111111 worden 11111. 1111111 111 111111111111
11111111 111 1111111111 zu 1111111 11111111 1111111111111111 Vm*
11111111111111111111, 111111 111 111111) 11111 1111111111. nas
Tridentinum gestella allerdings 11 Sese. 14. 111. 1. 1111111111.
111 1111111111111 111 1111111111 zu, bei 111111111111111111
111111111111111118111111111 desselben 1111 Ordo und 1111, 1111
1111 1111 1111111111 11111111 111 111111 111 11111111111111111
1111111111 111111111111 111 811111 zu 1111111111. Von 111111
1111111111 11111111 111 11111111 11111 11111111, 1111 111. 111111-
11111111111111111111111 1111 11111111, 11 111 11111111111111-
11111 1111 11 111111 11111111 1111 11111111111111111 11111111
(11111 11111 1111111111111111 1111111111 jones 111111111111111
1111111111 1111111111 1111. 111111ιοί1111 in 111111 ’,111111
111, 1111 eino 1111111111 111 gagen 11111111111-1111111111,
1111111111111111111111111 Verwaltungswege 11111111 111· lube·
1111111 11111 1111 1111111111] 111111111111111111111· 111 1111·
11111111 1111111111 11111111811111111111111111111111 11111 11111·
finde, 1111111 111 1111111111 an 11111111111111811111111111111-

1111111 111 111111111111 1111111 11111111 1111111111 1111. 11111 111·

1) 11111111111111 Acten 11111 vom (11111111111111 111111 1111111111 111·

Mn 10111111 im 111111111111111111111111111111111 worden. .
1111111111 1111111111111. mu. 24

 

